w:4.6728098540214205e-06
p:0.02289676828470496
a:0.12812844619726735
l:0.06012037158183959
j:0.005450832694715986
ñ:0.0022008934412440888
e:0.1292966486607727
x:0.001707912001644829
c:0.037957234444216
b:0.015422608923197698
t:0.038389469355712975
n:0.06696603801798097
r:0.06571372497710323
m:0.028634978785443264
q:0.011432029307863405
f:0.006058297975738771
v:0.010868955720453823
d:0.05025840638492739
i:0.05613212837143231
z:0.004894768322087437
k:7.00921478103213e-06
h:0.009560568961327825
u:0.04748976654641969
g:0.010871292125380834
y:0.011913328722827611
o:0.0946103811143717
s:0.08279284499355152
